// ベクトルリスト
// 0:Ｘ初期値、1:Ｙ初期値、2:Ｘ加算値、3:Ｙ加算値、
  0  900 0 -70 0 // 頭弱
  1 1200 0 -75 0// 頭中
  2 1600 0 -80 0// 頭強
  3  900 0 -70 0// 頭弱
  4 1200 0 -75 0// 頭中
  5 1600 0 -80 0// 頭強

  6 100 -1200 0 150 // 足払い
  7 250 -2200 0 150 // ダウン
  8 800 -1700 0 150 // 空中やられ
  9 2800 -0 -0 0 // 横吹き飛び
// 10
 10 0 -3100 0 150 // 上吹き飛び
// 10 0 -1600 0 10 // 上吹き飛び
 11 700 -2800 0 150 // 斜め上吹き飛び
 12 10 3800 0 150 // 真下叩きつけ
 13 2800 2500 0 150 // 斜め下叩きつけ
 14 400 0 -20 0 // よろけ

 15 100 -8100 0 150 // 超上吹き飛び
 16 0 0 0 0 // 固め
 17 0 0 0 0 // のけぞらない
 18 0 0 0 0
 19 0 0 0 0

// 20
 20 800 0 -40 0 // ジャンプ攻撃用ベクトル
 21 0 -2900 0 150 // 上吹き飛び2
 22 1800 0 -80 0
 23 900 -2200 0 150 // ダウン2
 24 100 -1200 0 150 // ダウン3 低いやられ

 25 2800 -1300 0 150
 26 0 0 0 0
 27 2200 2500 0 150 // 斜め下叩きつけ（爆発付き）
 28 1200 -700 0 150 // ダウン中食らい
 29 0 0 0 0 // ベクトルなしのけぞり（直接使わない）

// 30
 30 -8 -6300 0 150 // ラウンドリップセイバー上吹き飛び
 31 1000 -3800 0 150 // 
 32 100 -1000 0 30 // 空中クラッシュ

 35 3600 -1900 0 150 // 第七聖典横吹き飛び
 36 2200 -1200 0 150 // 第七聖典横吹き飛び

 57 500 -2000 0 150 // 空中ダウンやられ

 60 0 -2400 0 70 // 上吹き飛び（重力小）
 71 4000 -4000 0 150 // ホームランかっとび ★勝手に追加
 72 1330 -700 0 140 // スライドダウン　★勝手に追加２（VXは70の倍数にしとく）

 77 0 -4500 0 150 // 上吹き飛び2
 78 1400 -3500 0 150 // 大斜め上吹き飛び
 79 800 0 -50 0 // 離れにくい中
 80 800 0 -40 0 // 離れにくい強


 81 350 -2800 0 150 // さつき用斜め上吹き飛び
 83 1400 2500 0 150 // さつき用斜め下叩きつけ


 85 800 0 -30 0 // 特大のけぞりベクトル

100 1000 -300 0 150 // 空中ガードベクトル 1000 -300 0 150 

101 -100 -1500 0 150 // 地上受け身＿短
//101 -200 -1800 0 150 // 地上受け身＿短
102 -1800 -1800 70 150 // 地上受け身＿長　（新後受身）
//102 -1200 -1300 0 150 // 地上受け身＿長
//102 -900 -1800 0 150 // B2ベクトル

103 800 -2800 0 150 // 空中受け身＿前
104 -300 -1400 0 150 // 空中受け身＿中
105 -800 -2300 0 150 // 空中受け身＿後

106 2200 -1900 -70 150 // 地上受け身＿長　（新前受身）
//106 1300 -1900 0 150 // 地上受け身＿長　（前受身）
//106 2000 -1200 0 150 // 地上受け身＿長 B2ベクトル

111 10   3000 0 150 // 真下叩きつけ
112 1200 2000 0 150 // 斜め下叩きつけ

121 300  3000 0 150 // 真下叩きつけ

161    0 -1200 0 150 // たたきつけバウンド
162  800 -1200 0 150 // たたきつけバウンド
163    0 -2400 0 150 // たたきつけバウンド
164  800 -2400 0 150 // たたきつけバウンド


183  300 -2000 0 150 // たたきつけバウンド


200 700 -600 0 150 // 空中ガードベクトル２

300 750 0 -50 0
301 950 0 -50 0
302 1050 0 -50 0
303 1150 0 -50 0

347 450 -1025 0 125

352 500 -1090 0 90

400 600 -725 0 125

405 1600 1075 0 125

410 500 -1125 0 125
411 600 -1225 0 125
412 700 -1325 0 125

413 150 -1925 0 125
414 300 -2125 0 125
415 150 -2625 0 125

420 1300 -1425 0 125

423 300 1075 0 125

427 800 -725 0 125
428 1000 -875 0 125
429 600 -3225 0 125

433 1900 -1525 0 125
434 2100 -1625 0 125

436 1250 -1025 0 125

439 300 -1025 0 125

446 600 -375 0 125

449 300 -1725 0 125

480 350 -1425 0 125
481 350 -1475 0 125
482 300 -1725 0 125

489 450 1475 0 125

641 500 200 0 100
642 550 250 0 100

644 650 400 0 100

650 525 0 -25 0
651 630 0 -30 0
652 735 0 -35 0


END

// No 名前 VecCnt UkemiTime Prio PrioAni KoCheck
//      VecNum HitAni GuardAni Time VecTime flag
//
// VecNum - 仕様ベクトルリストの番号
//
//    flag bit0->壁にぶつかったら跳ね返るか
//    flag bit1->壁ぶつかり時に爆発をだすか
//    flag bit2->着地時に煙を出すか
//    flag bit3->重なり判定を無しにするか
//    flag bit4->着地時にバウンド終了(地上受け身用)
//
// Time --- 画面端でベクトルを相手に跳ね返す時間
//
// 受け身中はUkemiTimeが無敵時間になります

 0 頭やられ弱 1 0 10 57 1
  0 900 17 14 14 00000000 //  0 23 17 13 13 00000000 // 攻撃レベル1
 1 頭やられ中 1 0 10 57 1
  1 903 17 17 17 00000000 //   1 23 17 17 17 00000000 // 攻撃レベル3
 2 頭やられ強 1 0 10 57 1
  2 906 17 20 20 00000000 //   2 23 17 22 22 00000000 // 攻撃レベル5
 3 腹やられ弱 1 0 10 57 1
  3 901 17 14 14 00000000
 4 腹やられ中 1 0 10 57 1
  4 904 17 17 17 00000000
 5 腹やられ強 1 0 10 0 1
  5 907 17 20 20 00000000
 6 足払い 1 25 100 0 1 //　20→25
  6 29 18 -1 10 00000000
 7 ダウン 1 21 100 0 0 //20→21
  7 26 19 -1 8 00000000
 8 空中やられ 1  17 11 57 0 // 受身不能時間を12F→17Fに変更しました
  8 26 19 -1 8 00000000
//  8 27 19  0 00000000
 9 横吹き飛び 1 30 100 0 0
  9 26 19 -1 0 00001001
10 上吹き飛び 1 30 100 0 0
 10 30 19 -1 8 00000000
11 斜め上吹き飛び 1 30 100 0
 11 26 19 -1 8 00000000

12 真下叩きつけ 1 40 100 0 0
 12 26 19 -1 0 00000000
13 斜め下叩きつけ 1 40 100 0 0
 13 26 19 -1 0 00000000
14 よろけ 1 0 10 0 1
 14 23 17 -1 0 00000000
15 超上吹き飛び 1 999 100 0 0
 15 26 19 -1 0 00000000
16 固め 1 0 10 0 1
  16 24 17 255 0 00000000

17 のけぞらない 1 0 10 0 1
  17 0 17 0 0 00000000

30 クラッシュ立 1 0 10 57 1
  17 21 21 16 1 00000000
31 クラッシュ屈 1 0 10 57 1
  17 22 22 16 1 00000000
32 クラッシュ空中 1 99 100 0 1
  32 30 19 -1 10 00000000

40 浮きガード 1 0 10 57 1
  2 25 18 20 20 00000000

50 屈やられ弱 1 0 10 0 1
  0 902 18 14 14 00000000
51 屈やられ中 1 0 10 0 1
  1 905 18 17 17 00000000
52 屈やられ強 1 0 10 0 1
  2 908 18 20 20 00000000

54 ジャンプ攻撃のけぞり腹 1 0 10 0 1
  20 907 17 19 19 00000000
55 ジャンプ攻撃のけぞり立 1 0 10 0 1
  20 906 17 19 19 00000000
56 ジャンプ攻撃のけぞり屈 1 0 10 0 1
  20 905 18 19 19 00000000


57 空中ダウンやられ 1 16 100 0 1
  57 26 0 -1 10 00000000

58 ふんわり打ち上げ 1 30 100 0 0
  30 30 19 -1 0 00000100
  
59 ふんわり打ち上げ２ 1 30 100 0 0
  31 30 19 -1 0 00000000

60 空中ガード 1 0 10 0 1
  100 19 19 0 10 00010000

61 真下叩きつけ爆発付き 1 40 100 0 0
 12 26 19 -1 0 00000100

62 斜め叩きつけバウンド 2 40 100 0 0
 13 26 19 -1 0 00000000
 11 30 19 -1 0 00000000

63 叩きつけバウンド 2 40 100 0 0
 12 26 19 -1 0 00000000
 10 30 19 -1 0 00000000

64 上吹き飛び２ 1 30 100 0 0
 21 30 19 -1 8 00000000

65 頭やられ強２ 1 0 10 57 1
  22 906 17 20 20 00000000
66 屈やられ強２ 1 0 10 57 1
  22 908 17 20 20 00000000
67 ダウン２ 1 20 100 0 0
  23 26 19 -1 12 00000000
68 浮きの低いダウン 1 20 100 0 0
  24 26 19 -1 12 00000000
69 第七聖典横吹き飛び 2 20 100 0 0
  35 26 19 -1 0 00000000
  36 26 19 -1 0 00000000

70 上吹き飛び（重力小） 1 30 100 0 0
 60 30 19 -1 8 00000000
 
71 ホームランかっとび 1 999 100 0 0
 71 26 19 -1 8 00000000 

72 スライドダウン 1 30 100 0 0 // 仰向けダウンですべる（両儀式の投げでも使用）
 72 351  19 -1 0 00000000
// 72  -1  19 -1 0 00001000

// 72  -1  19 -1 0 00000000
// 1 355 19 -1 0 00000000

73 その場頭やられ 1 0 10 0 1
  16 23 17 17 17 00000000

74 その場腹やられ 1 0 10 0 1
  16 24 17 17 17 00000000

75 両儀式空中投げ専用ダウン 1 999 100 0 0
 12 351 19 -1 0 00000000

76 リーズJA用頭やられ弱 1 0 10 57 1
  0 900 17 13 13 00000000 //  1F短い

77 上吹き飛び 1 30 100 0 0
 77 30 19 -1 8 00000000
78 斜め上吹き飛び 1 30 100 0
 78 26 19 -1 8 00000000

79 離れにくい腹中 1 0 10 57 1
 79 904 17 17 17 00000000
80 離れにくい屈中 1 0 10 0 1
 79 905 18 17 17 00000000

81 離れにくい腹強 1 0 10 57 1
 80 907 17 20 20 00000000
82 離れにくい屈強 1 0 10 0 1
 80 908 18 20 20 00000000

83 さつき用斜め叩きつけバウンド 2 40 100 0 0
 83 26 19 -1 0 00000000
 81 30 19 -1 0 00000000


85 特大のけぞり立 1 0 10 0 1
  85 23 17 25 25 00000000
86 特大のけぞり屈 1 0 10 0 1
  85 25 18 25 25 00000000

87 頭やられちょい中 1 0 10 57 1
  1 903 17 16 17 00000000
88 屈やられちょい中 1 0 10 0 1
  1 905 18 16 17 00000000

90 地上受け身＿短 1 0 100 0 0
  101 31 19 0 0 00011000
91 地上受け身＿長 1 0 100 0 0
  102 31 19 0 0 00011000
92 地上受け身＿前 1 0 100 0 0
  106 31 19 0 0 00011000

93 空中受け身＿前 1 18 100 0 0
  103 28 19 0 0 00010000
94 空中受け身＿中 1 22 100 0 0
  104 28 19 0 0 00010000
95 空中受け身＿後 1 26 100 0 0
  105 28 19 0 0 00010000


98 ダウン追い討ち 1 15 9999 0 0   //10→15
  28 27 0 -1 10 00000000

99 KOダウン 1 999 200 0 0
  7 26 0 -1 10 00000000
  
  
152 屈やられ中＋１ 1 0 10 0 1 //琥珀用
  2 908 18 18 18 00000000
153 腹やられ中＋１ 1 0 10 0 1
  5 907 17 18 18 00000000
  
161 叩きつけ小バウンド 2 40 100 0 0
 111  26 19 -1 0 00000000
 161 354 19 -1 0 00000000

162 斜め叩きつけ小バウンド 2 40 100 0 0
 112  26 19 -1 0 00000000
 162 354 19 -1 0 00000000

163 叩きつけ中バウンド 2 40 100 0 0
 111  26 19 -1 0 00000000
 163 354 19 -1 0 00000000

164 斜め叩きつけ中バウンド 2 40 100 0 0
 112  26 19 -1 0 00000000
 164 354 19 -1 0 00000000

// 着地部分からのバージョン
171 叩きつけ小バウンド 1 40 100 0 0
 161 354 19 -1 8 00000000

172 斜め叩きつけ小バウンド 1 40 100 0 0
 162 354 19 -1 8 00000000

173 叩きつけ中バウンド 1 40 100 0 0
 163 354 19 -1 8 00000000

174 斜め叩きつけ中バウンド 1 40 100 0 0
 164 354 19 -1 8 00000000
 
183 叩きつけ中バウンド 2 40 100 0 0
 121  26 19 -1 0 00000000
 183 354 19 -1 0 00000000

200 空中ガード2 1 0 10 0 1
  200 19 19 0 10 00010000

//TYPE LUMINA VECTORS

//---
100 MBTL0 1 0 10 57 1 // A head hit
  300 900 17 13 13 00000000

101 MBTL1 1 0 10 57 1 // B head hit
  301 903 17 16 16 00000000
  
102 MBTL2 1 0 10 57 1 // C head hit
  303 906 17 18 18 00000000

//---
103 MBTL3 1 0 10 57 1 // A stomach hit
  300 901 17 13 13 00000000

104 MBTL4 1 0 10 57 1 // B stomach hit
  301 904 17 16 16 00000000
  
105 MBTL5 1 0 10 57 1 // C stomach hit
  303 907 17 18 18 00000000

//---
27 MBTL47 1 24 10 57 0
  347 26 19 -1 9 00000000

//---
20 MBTL50 1 0 10 0 1 // A crouch hit
  300 902 18 14 14 00000000

21 MBTL51 1 0 10 0 1 // B crouch hit
  301 905 18 17 17 00000000

22 MBTL52 1 0 10 0 1 // C crouch hit
  303 905 18 19 19 00000000

//---
24 MBTL104 1 27 10 57 1 // sweep
  352 26 18 -1 10 00000000
  
25 MBTL105 1 22 11 57 0 // chisui 236X air hit
  400 26 19 -1 9 00000000

//---
110 MBTL110 1 17 11 57 0
  410 26 19 -1 8 00000000
   
111 MBTL111 1 22 11 57 0
  411 26 19 -1 8 00000000

112 MBTL112 1 24 11 57 0
  412 26 19 -1 8 00000000
  
113 MBTL113 1 24 11 57 0
  413 26 19 -1 8 00000000
  
114 MBTL114 1 24 11 57 0
  414 26 19 -1 8 00000000
  
115 MBTL115 1 27 11 57 0
  415 26 19 -1 8 00000000

//---
120 MBTL120 1 24 11 57 0
  420 26 19 -1 8 00000000

123 MBTL123 2 27 100 0 0
  423 26 19 -1 0 00000000
  413 26 19 -1 0 00000000

127 MBTL127 1 24 11 57 0
  427 26 19 -1 8 00000000
  
128 MBTL128 1 27 10 57 0
  428 26 19 -1 8 00000000
  
149 MBTL129 1 30 10 57 0
  429 30 19 -1 8 00000000

133 MBTL133 1 27 100 0 0
  433 26 19 -1 0 00001001

124 MBTL134 1 27 100 0 0
  434 26 19 -1 0 00001001

126 MBTL136 2 27 10 57 0
  405 26 19 -1 0 00000000
  436 26 19 -1 0 00000000

129 MBTL139 2 27 100 0 0
  423 26 19 -1 0 00000000
  439 26 19 -1 0 00000000
   
//---
116 MBTL146 1 23 10 57 1
  446 26 19 -1 8 00000000

//---
130 MBTL170 1 0 10 0 1
  641 26 19 0 10 00010000

131 MBTL171 1 0 10 0 1
  642 26 19 0 10 00010000

132 MBTL172 1 0 10 0 1
  644 26 19 0 10 00010000

//---
135 MBTL180 1 17 11 57 0
  480 26 19 -1 8 00000000

136 MBTL181 1 18 11 57 0
  481 26 19 -1 8 00000000

137 MBTL182 1 19 11 57 0
  482 26 19 -1 8 00000000
  
139 MBTL189 2 24 11 57 0
  489 26 19 -1 8 00000000
  449 26 19 -1 8 00000000

//---
141 MBTL291 1 0 10 57 1
  650 900 17 13 13 00000000

142 MBTL292 1 0 10 57 1
  650 902 17 14 14 00000000

143 MBTL293 1 0 10 57 1
  651 903 17 16 16 00000000

144 MBTL294 1 0 10 57 1
  651 905 17 17 17 00000000

145 MBTL295 1 0 10 57 1
  652 906 17 18 18 00000000

146 MBTL296 1 0 10 57 1
  652 908 17 19 19 00000000

END


// ヒットストップ
// 弱 中 強 なし 特大 超特大 超弱　    7  10 12    1   16     30    4
    7  9 11    1   16     30    4
//    6  8 10    1   15     29    3
// 画面端反動Xベクトル
520
520 //寝てるときの反動（ダウン追い討ち用）

END

